Hello from nginx! Protocol: HTTP/3.0, HTTP/3: h3, Time: 0.000
Connect: 0.003717s
TLS: 0.004305s
TTFB: 0.005038s
Total: 0.005099s
Duration: .008637250s
