Connect: 0.000478s
TLS: 0.000000s
TTFB: 0.000000s
Total: 0.002090s
Duration: .010714166s
