Connect: 0.000740s
TLS: 0.000000s
TTFB: 0.000000s
Total: 0.002579s
Duration: .020268333s
