Hello from nginx! Protocol: HTTP/3.0, HTTP/3: h3, Time: 0.000
Connect: 0.002832s
TLS: 0.003216s
TTFB: 0.003933s
Total: 0.004015s
Duration: .009975542s
