Connect: 0.000131s
TLS: 0.000000s
TTFB: 0.000000s
Total: 0.000496s
Duration: .005129166s
