Connect: 0.000135s
TLS: 0.000000s
TTFB: 0.000000s
Total: 0.000510s
Duration: .004009000s
