Connect: 0.000144s
TLS: 0.000000s
TTFB: 0.000000s
Total: 0.000562s
Duration: .005171166s
