Connect: 0.000166s
TLS: 0.000000s
TTFB: 0.000000s
Total: 0.000760s
Duration: .006430750s
