Hello from nginx! Protocol: HTTP/3.0, HTTP/3: h3, Time: 0.000
Connect: 0.003131s
TLS: 0.003665s
TTFB: 0.004674s
Total: 0.004746s
Duration: .009130542s
