Hello from nginx! Protocol: HTTP/3.0, HTTP/3: h3, Time: 0.000
Connect: 0.002651s
TLS: 0.003064s
TTFB: 0.003657s
Total: 0.003715s
Duration: .007403500s
