Connect: 0.000676s
TLS: 0.000000s
TTFB: 0.000000s
Total: 0.001128s
Duration: .006959167s
