Hello from nginx! Protocol: HTTP/3.0, HTTP/3: h3, Time: 0.000
Connect: 0.002220s
TLS: 0.002564s
TTFB: 0.003417s
Total: 0.003469s
Duration: .007493541s
