Connect: 0.000236s
TLS: 0.000000s
TTFB: 0.000000s
Total: 0.000787s
Duration: .005416541s
