Connect: 0.001451s
TLS: 0.000000s
TTFB: 0.000000s
Total: 0.003181s
Duration: .017151791s
