Hello from nginx! Protocol: HTTP/3.0, HTTP/3: h3, Time: 0.000
Connect: 0.002378s
TLS: 0.003048s
TTFB: 0.003762s
Total: 0.003820s
Duration: .007645584s
