Hello from nginx! Protocol: HTTP/3.0, HTTP/3: h3, Time: 0.000
Connect: 0.002609s
TLS: 0.003018s
TTFB: 0.003694s
Total: 0.003741s
Duration: .007601667s
