Connect: 0.000144s
TLS: 0.000000s
TTFB: 0.000000s
Total: 0.000523s
Duration: .003849041s
