Connect: 0.000117s
TLS: 0.000000s
TTFB: 0.000000s
Total: 0.000494s
Duration: .003538583s
