Hello from nginx! Protocol: HTTP/3.0, HTTP/3: h3, Time: 0.000
Connect: 0.003529s
TLS: 0.003912s
TTFB: 0.004524s
Total: 0.004580s
Duration: .008496000s
