Connect: 0.000165s
TLS: 0.000000s
TTFB: 0.000000s
Total: 0.000744s
Duration: .005951041s
