Hello from nginx! Protocol: HTTP/3.0, HTTP/3: h3, Time: 0.000
Connect: 0.002349s
TLS: 0.003044s
TTFB: 0.003798s
Total: 0.003849s
Duration: .007609792s
