Connect: 0.000155s
TLS: 0.000000s
TTFB: 0.000000s
Total: 0.000542s
Duration: .004457250s
