Hello from nginx! Protocol: HTTP/3.0, HTTP/3: h3, Time: 0.000
Connect: 0.002376s
TLS: 0.002723s
TTFB: 0.003704s
Total: 0.003758s
Duration: .007624875s
