Connect: 0.000148s
TLS: 0.000000s
TTFB: 0.000000s
Total: 0.000724s
Duration: .004476583s
