Connect: 0.000150s
TLS: 0.000000s
TTFB: 0.000000s
Total: 0.000547s
Duration: .004553959s
