Connect: 0.000137s
TLS: 0.000000s
TTFB: 0.000000s
Total: 0.000702s
Duration: .004509417s
