Connect: 0.000134s
TLS: 0.000000s
TTFB: 0.000000s
Total: 0.000523s
Duration: .004005417s
