Connect: 0.000123s
TLS: 0.000000s
TTFB: 0.000000s
Total: 0.000520s
Duration: .006276083s
