Hello from nginx! Protocol: HTTP/3.0, HTTP/3: h3, Time: 0.000
Connect: 0.003074s
TLS: 0.003414s
TTFB: 0.004129s
Total: 0.004195s
Duration: .008105250s
