Hello from nginx! Protocol: HTTP/3.0, HTTP/3: h3, Time: 0.000
Connect: 0.003060s
TLS: 0.003603s
TTFB: 0.005372s
Total: 0.005448s
Duration: .012911708s
