Connect: 0.000160s
TLS: 0.000000s
TTFB: 0.000000s
Total: 0.000690s
Duration: .006583375s
