Hello from nginx! Protocol: HTTP/3.0, HTTP/3: h3, Time: 0.000
Connect: 0.002534s
TLS: 0.002909s
TTFB: 0.003541s
Total: 0.003608s
Duration: .009007333s
