Hello from nginx! Protocol: HTTP/3.0, HTTP/3: h3, Time: 0.000
Connect: 0.002066s
TLS: 0.002409s
TTFB: 0.003030s
Total: 0.003079s
Duration: .006679917s
