Hello from nginx! Protocol: HTTP/3.0, HTTP/3: h3, Time: 0.000
Connect: 0.002350s
TLS: 0.002772s
TTFB: 0.003572s
Total: 0.003628s
Duration: .008258334s
