Connect: 0.000214s
TLS: 0.000000s
TTFB: 0.000000s
Total: 0.000659s
Duration: .004199333s
