Hello from nginx! Protocol: HTTP/3.0, HTTP/3: h3, Time: 0.000
Connect: 0.002517s
TLS: 0.002995s
TTFB: 0.003531s
Total: 0.003574s
Duration: .007396417s
