Hello from nginx! Protocol: HTTP/3.0, HTTP/3: h3, Time: 0.000
Connect: 0.002151s
TLS: 0.002652s
TTFB: 0.003692s
Total: 0.003757s
Duration: .007703084s
