Hello from nginx! Protocol: HTTP/3.0, HTTP/3: h3, Time: 0.000
Connect: 0.002478s
TLS: 0.003018s
TTFB: 0.004015s
Total: 0.004085s
Duration: .008049583s
