Connect: 0.000133s
TLS: 0.000000s
TTFB: 0.000000s
Total: 0.000611s
Duration: .004490959s
