Connect: 0.000167s
TLS: 0.000000s
TTFB: 0.000000s
Total: 0.000694s
Duration: .005528792s
