Connect: 0.000224s
TLS: 0.000000s
TTFB: 0.000000s
Total: 0.000785s
Duration: .004789417s
