Connect: 0.000193s
TLS: 0.000000s
TTFB: 0.000000s
Total: 0.000582s
Duration: .004328333s
