Hello from nginx! Protocol: HTTP/3.0, HTTP/3: h3, Time: 0.000
Connect: 0.002371s
TLS: 0.002713s
TTFB: 0.003336s
Total: 0.003385s
Duration: .007702583s
