Hello from nginx! Protocol: HTTP/3.0, HTTP/3: h3, Time: 0.000
Connect: 0.002737s
TLS: 0.003129s
TTFB: 0.004136s
Total: 0.004197s
Duration: .009764250s
