Hello from nginx! Protocol: HTTP/3.0, HTTP/3: h3, Time: 0.000
Connect: 0.003120s
TLS: 0.003734s
TTFB: 0.004537s
Total: 0.004584s
Duration: .008901125s
