Connect: 0.000133s
TLS: 0.000000s
TTFB: 0.000000s
Total: 0.000519s
Duration: .003925792s
