Hello from nginx! Protocol: HTTP/3.0, HTTP/3: h3, Time: 0.000
Connect: 0.002549s
TLS: 0.002890s
TTFB: 0.003623s
Total: 0.003710s
Duration: .008669750s
