Hello from nginx! Protocol: HTTP/3.0, HTTP/3: h3, Time: 0.000
Connect: 0.002922s
TLS: 0.003283s
TTFB: 0.004007s
Total: 0.004066s
Duration: .007845875s
