Hello from nginx! Protocol: HTTP/3.0, HTTP/3: h3, Time: 0.000
Connect: 0.004403s
TLS: 0.004874s
TTFB: 0.005613s
Total: 0.005688s
Duration: .011571000s
