Hello from nginx! Protocol: HTTP/3.0, HTTP/3: h3, Time: 0.000
Connect: 0.002104s
TLS: 0.002470s
TTFB: 0.003208s
Total: 0.003260s
Duration: .007204500s
