Hello from nginx! Protocol: HTTP/3.0, HTTP/3: h3, Time: 0.000
Connect: 0.002573s
TLS: 0.002962s
TTFB: 0.003510s
Total: 0.003555s
Duration: .007170500s
