Hello from nginx! Protocol: HTTP/3.0, HTTP/3: h3, Time: 0.000
Connect: 0.003006s
TLS: 0.003411s
TTFB: 0.004199s
Total: 0.004257s
Duration: .010594709s
