Hello from nginx! Protocol: HTTP/3.0, HTTP/3: h3, Time: 0.000
Connect: 0.003826s
TLS: 0.004266s
TTFB: 0.004988s
Total: 0.005041s
Duration: .010873292s
