Connect: 0.000130s
TLS: 0.000000s
TTFB: 0.000000s
Total: 0.000780s
Duration: .005413333s
