Hello from nginx! Protocol: HTTP/3.0, HTTP/3: h3, Time: 0.000
Connect: 0.002762s
TLS: 0.003103s
TTFB: 0.003975s
Total: 0.004027s
Duration: .008616167s
