Connect: 0.000402s
TLS: 0.000000s
TTFB: 0.000000s
Total: 0.001233s
Duration: .007036583s
