Connect: 0.000143s
TLS: 0.000000s
TTFB: 0.000000s
Total: 0.000563s
Duration: .004165375s
