Hello from nginx! Protocol: HTTP/3.0, HTTP/3: h3, Time: 0.000
Connect: 0.002235s
TLS: 0.002601s
TTFB: 0.003658s
Total: 0.003716s
Duration: .007640209s
