Hello from nginx! Protocol: HTTP/3.0, HTTP/3: h3, Time: 0.000
Connect: 0.002142s
TLS: 0.002510s
TTFB: 0.003171s
Total: 0.003226s
Duration: .007146833s
