Connect: 0.000273s
TLS: 0.000000s
TTFB: 0.000000s
Total: 0.000702s
Duration: .004559666s
