Connect: 0.000154s
TLS: 0.000000s
TTFB: 0.000000s
Total: 0.000573s
Duration: .005952583s
