Connect: 0.000126s
TLS: 0.000000s
TTFB: 0.000000s
Total: 0.000513s
Duration: .003905875s
