Hello from nginx! Protocol: HTTP/3.0, HTTP/3: h3, Time: 0.000
Connect: 0.002479s
TLS: 0.003113s
TTFB: 0.004095s
Total: 0.004264s
Duration: .009348583s
