Connect: 0.000157s
TLS: 0.000000s
TTFB: 0.000000s
Total: 0.000619s
Duration: .004895375s
