Connect: 0.000187s
TLS: 0.000000s
TTFB: 0.000000s
Total: 0.000965s
Duration: .005364917s
