Connect: 0.000194s
TLS: 0.000000s
TTFB: 0.000000s
Total: 0.000866s
Duration: .005521041s
