Connect: 0.000323s
TLS: 0.000000s
TTFB: 0.000000s
Total: 0.000877s
Duration: .004019875s
