Connect: 0.000121s
TLS: 0.000000s
TTFB: 0.000000s
Total: 0.000503s
Duration: .003912041s
