Connect: 0.000170s
TLS: 0.000000s
TTFB: 0.000000s
Total: 0.000627s
Duration: .005894708s
