Hello from nginx! Protocol: HTTP/3.0, HTTP/3: h3, Time: 0.000
Connect: 0.002084s
TLS: 0.002441s
TTFB: 0.003420s
Total: 0.003563s
Duration: .007650291s
