Connect: 0.000125s
TLS: 0.000000s
TTFB: 0.000000s
Total: 0.000494s
Duration: .004146875s
