Connect: 0.000105s
TLS: 0.000000s
TTFB: 0.000000s
Total: 0.000379s
Duration: .002997583s
