Hello from nginx! Protocol: HTTP/3.0, HTTP/3: h3, Time: 0.000
Connect: 0.002010s
TLS: 0.002461s
TTFB: 0.003145s
Total: 0.003196s
Duration: .007469292s
