Connect: 0.000138s
TLS: 0.000000s
TTFB: 0.000000s
Total: 0.000551s
Duration: .004036041s
