Connect: 0.000189s
TLS: 0.000000s
TTFB: 0.000000s
Total: 0.000733s
Duration: .004707709s
