Hello from nginx! Protocol: HTTP/3.0, HTTP/3: h3, Time: 0.000
Connect: 0.002446s
TLS: 0.002785s
TTFB: 0.003660s
Total: 0.003724s
Duration: .007516500s
