Hello from nginx! Protocol: HTTP/3.0, HTTP/3: h3, Time: 0.000
Connect: 0.003248s
TLS: 0.003623s
TTFB: 0.006224s
Total: 0.007255s
Duration: .012973292s
