Connect: 0.000186s
TLS: 0.000000s
TTFB: 0.000000s
Total: 0.000645s
Duration: .004326667s
