Hello from nginx! Protocol: HTTP/3.0, HTTP/3: h3, Time: 0.000
Connect: 0.002003s
TLS: 0.002333s
TTFB: 0.002888s
Total: 0.002934s
Duration: .005809916s
