Connect: 0.000140s
TLS: 0.000000s
TTFB: 0.000000s
Total: 0.000483s
Duration: .003770625s
