Connect: 0.000174s
TLS: 0.000000s
TTFB: 0.000000s
Total: 0.000803s
Duration: .004918666s
