Connect: 0.000138s
TLS: 0.000000s
TTFB: 0.000000s
Total: 0.000851s
Duration: .005777333s
