Connect: 0.000146s
TLS: 0.000000s
TTFB: 0.000000s
Total: 0.000626s
Duration: .003942875s
