Connect: 0.000132s
TLS: 0.000000s
TTFB: 0.000000s
Total: 0.000578s
Duration: .005275959s
