Hello from nginx! Protocol: HTTP/3.0, HTTP/3: h3, Time: 0.000
Connect: 0.002701s
TLS: 0.003046s
TTFB: 0.003798s
Total: 0.003853s
Duration: .008818500s
