Hello from nginx! Protocol: HTTP/3.0, HTTP/3: h3, Time: 0.000
Connect: 0.002449s
TLS: 0.002998s
TTFB: 0.003677s
Total: 0.003738s
Duration: .007698583s
