Hello from nginx! Protocol: HTTP/3.0, HTTP/3: h3, Time: 0.000
Connect: 0.002198s
TLS: 0.002540s
TTFB: 0.003107s
Total: 0.003153s
Duration: .007909916s
