Hello from nginx! Protocol: HTTP/3.0, HTTP/3: h3, Time: 0.000
Connect: 0.002364s
TLS: 0.002687s
TTFB: 0.003293s
Total: 0.003337s
Duration: .008875833s
