Connect: 0.000140s
TLS: 0.000000s
TTFB: 0.000000s
Total: 0.000736s
Duration: .006686292s
