Connect: 0.000171s
TLS: 0.000000s
TTFB: 0.000000s
Total: 0.000608s
Duration: .006721792s
