Connect: 0.000158s
TLS: 0.000000s
TTFB: 0.000000s
Total: 0.000600s
Duration: .004580750s
