Connect: 0.000161s
TLS: 0.000000s
TTFB: 0.000000s
Total: 0.000648s
Duration: .005000292s
