Hello from nginx! Protocol: HTTP/3.0, HTTP/3: h3, Time: 0.000
Connect: 0.002112s
TLS: 0.002408s
TTFB: 0.003213s
Total: 0.003265s
Duration: .006787833s
