Hello from nginx! Protocol: HTTP/3.0, HTTP/3: h3, Time: 0.000
Connect: 0.002722s
TLS: 0.003057s
TTFB: 0.003643s
Total: 0.003698s
Duration: .007631250s
