Connect: 0.000164s
TLS: 0.000000s
TTFB: 0.000000s
Total: 0.000589s
Duration: .004463000s
