Connect: 0.000166s
TLS: 0.000000s
TTFB: 0.000000s
Total: 0.000769s
Duration: .005643166s
