Connect: 0.000293s
TLS: 0.000000s
TTFB: 0.000000s
Total: 0.001084s
Duration: .006668791s
