Connect: 0.000151s
TLS: 0.000000s
TTFB: 0.000000s
Total: 0.000633s
Duration: .004803000s
