Connect: 0.000128s
TLS: 0.000000s
TTFB: 0.000000s
Total: 0.000513s
Duration: .004081250s
