Connect: 0.000113s
TLS: 0.000000s
TTFB: 0.000000s
Total: 0.000467s
Duration: .003510750s
