Hello from nginx! Protocol: HTTP/3.0, HTTP/3: h3, Time: 0.000
Connect: 0.002305s
TLS: 0.002987s
TTFB: 0.004083s
Total: 0.004139s
Duration: .008291917s
