Hello from nginx! Protocol: HTTP/3.0, HTTP/3: h3, Time: 0.000
Connect: 0.002425s
TLS: 0.002825s
TTFB: 0.003434s
Total: 0.003498s
Duration: .007133167s
