Connect: 0.000142s
TLS: 0.000000s
TTFB: 0.000000s
Total: 0.000531s
Duration: .003905916s
