Hello from nginx! Protocol: HTTP/3.0, HTTP/3: h3, Time: 0.000
Connect: 0.002472s
TLS: 0.002922s
TTFB: 0.004165s
Total: 0.004224s
Duration: .008683834s
