Hello from nginx! Protocol: HTTP/3.0, HTTP/3: h3, Time: 0.000
Connect: 0.002913s
TLS: 0.003237s
TTFB: 0.003962s
Total: 0.004011s
Duration: .008375583s
