Hello from nginx! Protocol: HTTP/3.0, HTTP/3: h3, Time: 0.000
Connect: 0.002272s
TLS: 0.002639s
TTFB: 0.003636s
Total: 0.003692s
Duration: .007355417s
