Hello from nginx! Protocol: HTTP/3.0, HTTP/3: h3, Time: 0.000
Connect: 0.002937s
TLS: 0.003383s
TTFB: 0.003975s
Total: 0.004023s
Duration: .007507000s
