Hello from nginx! Protocol: HTTP/3.0, HTTP/3: h3, Time: 0.000
Connect: 0.002700s
TLS: 0.003129s
TTFB: 0.004373s
Total: 0.004537s
Duration: .008390583s
