Connect: 0.000169s
TLS: 0.000000s
TTFB: 0.000000s
Total: 0.000807s
Duration: .006232708s
