Hello from nginx! Protocol: HTTP/3.0, HTTP/3: h3, Time: 0.000
Connect: 0.002247s
TLS: 0.002620s
TTFB: 0.003293s
Total: 0.003342s
Duration: .007267042s
