Hello from nginx! Protocol: HTTP/3.0, HTTP/3: h3, Time: 0.000
Connect: 0.003696s
TLS: 0.004076s
TTFB: 0.004729s
Total: 0.004776s
Duration: .009032209s
