Connect: 0.000142s
TLS: 0.000000s
TTFB: 0.000000s
Total: 0.000620s
Duration: .004259333s
