Hello from nginx! Protocol: HTTP/3.0, HTTP/3: h3, Time: 0.000
Connect: 0.002295s
TLS: 0.002636s
TTFB: 0.003299s
Total: 0.003354s
Duration: .006843209s
