Hello from nginx! Protocol: HTTP/3.0, HTTP/3: h3, Time: 0.000
Connect: 0.003356s
TLS: 0.003703s
TTFB: 0.004295s
Total: 0.004357s
Duration: .008878209s
