Hello from nginx! Protocol: HTTP/3.0, HTTP/3: h3, Time: 0.000
Connect: 0.003055s
TLS: 0.003518s
TTFB: 0.004729s
Total: 0.004795s
Duration: .009208750s
