Connect: 0.000150s
TLS: 0.000000s
TTFB: 0.000000s
Total: 0.000560s
Duration: .004536709s
