Hello from nginx! Protocol: HTTP/3.0, HTTP/3: h3, Time: 0.000
Connect: 0.002207s
TLS: 0.002557s
TTFB: 0.003385s
Total: 0.003434s
Duration: .007174875s
