Hello from nginx! Protocol: HTTP/3.0, HTTP/3: h3, Time: 0.000
Connect: 0.002466s
TLS: 0.002870s
TTFB: 0.003500s
Total: 0.003553s
Duration: .007657291s
