Connect: 0.000139s
TLS: 0.000000s
TTFB: 0.000000s
Total: 0.000617s
Duration: .004433125s
